sample_normal_transaction = [-0.241922923693151,0.712246532203297,0.399805655495915,-0.463405516729266,0.244530937106473,-1.34366798367885,0.929368511608633,-0.2062102680589,0.106234231685447,-0.284707562863424,-0.612981510701904,-0.0666547274196841,-0.732986539703336,0.237948310946922,-0.293958765704203,-0.245496085489743,-0.174846285388049,-0.891168740948159,-0.290490523363184,-0.139511630638265,-0.228875719861634,-0.514375949093491,0.279597969287,0.371441309867354,-0.55923817445659,0.11314439719903,0.131507097617825,0.0812650602971748,5.49]

sample_fraud_transaction = [-7.62692409246447,-6.97642000754641,-2.07791115073952,3.41675415987856,4.45875840248762,-5.08040779918275,-6.57894786782983,1.76034141396682,-0.599508728352202,-4.00174208524931,2.61176184321338,-2.21069105518154,0.145323220628924,-5.28167813117348,-1.44622731547596,-2.34217826208892,-4.44208205885268,-0.812202197039381,0.254771833248553,2.87526030369363,1.22479498325958,-0.656639147267532,-0.330810728527997,-0.0789460153087798,0.270305924800976,0.431119110160139,0.821381426988655,-1.05608777393768,18.98]
